572319306387599360,572319619945390080
572347842456522752,572354206369120256
572347842456522752,572348184183377920
572344614910349312,572345328302620672
572344114332626944,572354920214503424
572344114332626944,572345396988534785
572344011043688448,572734159296200704
572344011043688448,572733724413972482
572344011043688448,572345972786782208
572342652907044864,572344533989515264
572342652907044864,572342865210155010
572337046909423617,572342261112950784
572341118118936577,573436433811120128
572341118118936577,572341469047996416
572339059613298689,572348083293442048
572317842722299904,575547174890659841
572317842722299904,572323508027445248
572339639240929281,572356616781082624
572339639240929281,572355667261980673
572319608947912704,572319949550723073
572330821433966592,572339143084142592
572315829531881473,572352111045844992
572337509159452672,572338230231617536
572336970979885056,572356916262805504
572336799340630016,572338771967930368
572336657384407040,572357039185268736
572335442869133312,572338645950062593
572335112303472641,572359017307062272
572334123861200898,572334418716577794
572332267328049153,572333222958243840
572332267328049153,572332778534014976
572332267328049153,572332419061137408
572332024930832385,572332500208504833
572332024930832385,572332258662563841
572331917959274496,572348375170883584
572331886988537857,572332544424738817
572331393264455680,572335365916262401
572331393264455680,572333869011087360
572331393264455680,572332336240410624
572331177714950144,572332478725111808
572329874351759361,572333075759120385
572329430023974913,572332765338718209
572329124523479041,572329634924134400
572328580455133184,573738754973638656
572328580455133184,572328890594508801
572364514735226882,572368856406048768
572364514735226882,572367567630684160
572364514735226882,572364646503477249
572362119473070081,572363325817823233
572362119473070081,572362836116037632
572352034466209792,572366518215839745
572351483007516672,572356815817596928
572349746490187776,572381978898534400
572349746490187776,572352508078637056
572347920185344000,572348327154487296
572347920185344000,572348220870795264
575644999477370880,575652446724227072
575604590432878592,575605508314279936
575604590432878592,575605372699873280
575597023069478912,575604213205495808
575597023069478912,575603329780178944
575597023069478912,575597306889703424
575596945130938368,575597152203837441
575596945130938368,575597107551195136
575596751224078336,575596986885263360
575596645385007104,575643561523179520
575596477247979521,575596624304476160
575596436252852224,575596437066637312
575596361418076161,575600474549694464
575596361418076161,575599491803299840
575596361418076161,575597235003465728
575596082371002368,575596654432100352
575596078143164416,575615244279549952
575596078143164416,575607414990462976
575596078143164416,575596770090184704
575596017912934400,575596383979200512
575595916905721856,575746845386784768
575595916905721856,575744959556550657
575595916905721856,575602514730565632
575595916905721856,575600426902405121
575595805228163075,575813230708178945
575595805228163075,575596356426801152
575595682163097600,575596872229777408
575595681693462529,575597536364261376
575595681693462529,575596237207941121
575595652006068224,575596979339726848
575595632242503680,575596678117396480
575974463445020673,575997647909187584
575972812743143425,575973188074487809
575957672769388544,575959365254942722
575957412747853824,577766909673746432
575957412747853824,575976144400293888
575957278542581760,575960266074017793
575957278542581760,575957699998806016
575957215195963392,575969804546273280
575957215195963392,575969318439030784
575957161878093824,575959612467212288
575957125144403968,575959373186387970
575952061868560384,575952500366299137
575951228368089088,575951604270026752
575951228368089088,575951439362543616
575948108531527680,575965334663888896
575948108531527680,575962835924221952
562307702853238784,562391641601105923
562678175852167172,562846425638510593
564642621206065153,564763979508350976
565103397821370368,567507473364701184
565103397821370368,565192328298913792
565103397821370368,565192139689435136
565103640096956417,565106633781813248
565103820611387392,565104526748037120
567146536984141824,567153882732572674
567146536984141824,567147547538784256
567146536984141824,567147184072978433
569154735976001536,569181920128421888
569154735976001536,569162845360951296
569154735976001536,569161530094145536
569717690757193728,570285588592488448
569717690757193728,569867410246930433
569717690757193728,569753529511845889
571022296846114817,571028631494881280
571022296846114817,571024388398522368
571022296846114817,571022834094505985
571022296846114817,571022474848051200
571442258681192448,571446244314361856
571897828253048833,571898197637005312
390959354922299392,390987932531576832
395011545718980608,395082741739692032
429760706649407488,429767876216492033
474246656850812931,474246764179251200
495298925314998272,497110999283933187
575948721067847680,575949135049682944
575948721067847680,575948907848409088
572362946531106819,572364685187522560
572362946531106819,572363670585405442
575952690863214592,575952903220826113
572348008882302976,572348687655026688
572335873158619136,573055898479960064
572335873158619136,572362702376476672
572335873158619136,572337711480098817
572335873158619136,572337592349298688
572335873158619136,572337430142959616
572335873158619136,572336475070545920
572335873158619136,572336253057679360
572347569520578560,572347816267235328
572346959916220416,572404516789886977
572346959916220416,572357783959429120
572346065589944321,572356527182364672
572346065589944321,572354747778248704
572334503579951105,572432249028661248
572334503579951105,572387915814203392
572334503579951105,572368789460762626
572334503579951105,572359747153747968
572334503579951105,572359083484823552
572334503579951105,572351615572656130
572334503579951105,572351480071499776
572334503579951105,572350753899089920
572334503579951105,572343826095857664
572334503579951105,572339543002632192
572334503579951105,572337492973645825
572334503579951105,572337041750433792
572334503579951105,572336974322802688
572334503579951105,572335380264927232
572334503579951105,572334997937389570
572334503579951105,572334968350769152
572334503579951105,572334967574810624
572334503579951105,572334916580425729
572334503579951105,572334881235079169
572334503579951105,572334856253800450
572334503579951105,572334700070506496
572345254256373761,572347172353540096
572344284470382592,572345632423211008
572344284470382592,572344917088837632
572343302776877056,572343660357947392
572342982197706752,572343277510262784
572342372417208320,572351553232773121
572342372417208320,572344130610716672
572342372417208320,572342936169365504
572315958909382657,572321008427769856
572315958909382657,572317379906031616
572328650097364992,572336273307791360
572328650097364992,572331304143872001
572328650097364992,572331164200910848
572328650097364992,572329394254950401
572328650097364992,572329201086291968
572328650097364992,572329067946516480
572334924520280064,572336323660406785
572341677949501441,572342128812015616
572335409255981056,572336038821044224
572327541588946944,572327831633444864
572341016407109632,572341237501435904
572331914226343937,572365498714734592
572331914226343937,572337196956446722
572331914226343937,572335428868562944
572331914226343937,572333810081116160
572331914226343937,572333273625456641
572331914226343937,572332875120443392
572331914226343937,572332685885980672
572339644492214272,572341124569948160
570863414760706048,570864449046720512
570863414760706048,570863608281702400
572335463609978881,573413658526511104
572335463609978881,573411402343292928
572338900619796480,573106260826034177
572338900619796480,572559999748067329
572338900619796480,572500468791832576
572338900619796480,572360432930848768
572331115530203138,572379393940725760
572331115530203138,572378915823603712
572331115530203138,572363061878788096
572331115530203138,572362787541942272
572331115530203138,572359100580945920
572331115530203138,572357311001468928
572331115530203138,572357153081704448
572331115530203138,572336863316475904
572331115530203138,572335072453505024
572331115530203138,572332441962074112
572331115530203138,572332216677625856
572331115530203138,572332202513465344
572331115530203138,572331526584586241
572331115530203138,572331283742769153
572338554686214144,572360603097944064
572338554686214144,572356003267674112
572332126206500864,572332974496075776
572332126206500864,572332391726858240
572335490885529600,572337353475289088
572334364534546433,572346185622560769
572334364534546433,572339425197232128
572322208518823936,572324838150307840
572322208518823936,572323405669670912
572338221293547520,573063013642608640
572338221293547520,572338305221730304
572335579821576193,572341206752993281
572335579821576193,572341064016658432
572335579821576193,572341012456071168
572335579821576193,572339318779334656
572326130708946944,572330406743187456
572337666399723521,572337747928600576
572336518422908929,572358349582286848
572335809145262080,572340171657506818
572327831411138561,572328253987287040
572337106724380672,572339859521585153
572337106724380672,572338907708190720
572337106724380672,572337496127754241
572337062214422530,572337747312050176
572336634068271105,572337256049979394
572335754321399808,572336165753245696
588296672226058240,588296868603375617
572336277011374080,572338325740101633
572342652907044864,572344533989515264
572342652907044864,572342865210155010
572342362757709824,572342744645050368
572341118118936577,573436433811120128
572341118118936577,572341469047996416
572339639240929281,572356616781082624
572339639240929281,572355667261980673
572337509159452672,572338230231617536
572336970979885056,572356916262805504
572336799340630016,572338771967930368
572336657384407040,572357039185268736
572336179250515968,572336180131463169
572335887364849664,572336278298992641
572335882390224896,572336879128879104
572335860714090496,572338526886363136
572335860009418752,572693718953676800
572335696641335296,572336667853369344
572335696641335296,572336271466491904
572335641574305792,572345490727157760
572335641574305792,572340151101222913
572335626080559105,572339733105229824
572335568027197441,572365147169148928
572335560838131715,572336105921490944
572335285905715200,572350272313282560
572335285905715200,572336338973798400
572335276661460992,572336432934596608
572335026970312704,572336105757941760
572334969277714433,572335228498391040
572334667078107136,572335059539140609
572334647486464001,572334793439879168
572334564099563520,572336469425061888
572334247253442560,572336336557850624
572334046199455745,572339366577627137
572334046199455745,572338718201131010
572334046199455745,572338568133132292
572334046199455745,572334709272805378
572334046199455745,572334562677682176
572334046199455745,572334230811770881
572333910576635904,572339490833879040
572333910576635904,572337127033200640
572333910576635904,572334401926799360
572333704070098944,572334279612448769
572333659564322816,572334088427683840
572333446338461697,572336390303686656
572333446338461697,572333819715461121
572333125935607808,572333410087145472
572332864328486912,572333369763086336
572332702315094016,572333758847688704
572332561587810304,572332969320316928
572332446781333504,572333938896592897
572332446781333504,572333668447866880
572332446781333504,572333618304974848
572332446781333504,572333285243678720
572332446781333504,572333270253228032
572332446781333504,572333162589601793
572332446781333504,572333035082788866
572332446781333504,572332976349949952
572332446781333504,572332896075161601
572332446781333504,572332867864297472
572332446781333504,572332690126479361
572332446781333504,572332592172670976
572332234138501122,572333106411118592
572332234138501122,572332443975356417
572332222138593281,572332667468836864
572332149241614336,572332592604696576
572332149241614336,572332484915957760
572331776879689728,572333959150878720
572331702980239360,572333870294515712
572331686387568640,572344910075969536
572331686387568640,572342323163484160
572331686387568640,572339511121715201
572331686387568640,572336741123694592
572331686387568640,572335490508050432
572331686387568640,572335055500017664
572331686387568640,572334703270739968
572331686387568640,572333797523394560
572331677336264706,572331822115233792
572331662324842497,572332047068348417
572331662324842497,572331836111630336
572331391406370818,572332960562618368
572331370296442880,572331807305150464
572331199084941312,572337003510943744
572331199084941312,572335951839535104
572331199084941312,572333920970153984
572330833073201153,572332825388584960
572330833073201153,572332783697203200
572330833073201153,572331679081103360
572330833073201153,572331246606401536
572330833073201153,572331204873084928
572330833073201153,572331125806243840
572330833073201153,572331064292589569
572330833073201153,572331026980061186
572330833073201153,572330977810255873
572330751917604864,572331661800546304
572330512737415169,572331082219065346
572330258080251905,572330536686915584
572330239902162946,572331241271246848
572330213188771840,572330678190096384
572329943482310656,572330235879809024
572329863836667904,572348177547857921
572329863836667904,572337665049141248
572329863836667904,572330257295908866
572329863836667904,572329928512831490
572329802062938112,572330496820035584
572329725365895168,572330044762161152
572329659355930624,572330615720173569
572329556842971136,572330304272130048
572329496252170240,572330528776454144
572329048573001728,572499886152654848
572329048573001728,572333431272562688
572329040779997185,572330629980798976
572329040779997185,572329703236759553
572328895711612928,572340340784439296
572328895711612928,572339896607633408
572328494195081216,572328943937703936
572328375735349248,572328887528501248
572328366562414593,572328676173348867
572328307854729218,572331961680732160
572328307854729218,572328698268934144
572327776314900480,572328269707517952
572327664561725440,572328022046478336
572327623788920833,572327907768451073
572326986766393345,572519923722932224
572326986766393345,572364760739545088
572326986766393345,572333879597518848
572326986766393345,572333161595596800
572326986766393345,572333112283144192
572326986766393345,572331448818016257
572326986766393345,572331040045330432
572326986766393345,572330932033605632
572326986766393345,572330870700290048
572326986766393345,572328993065603072
572326986766393345,572328955677573120
572326986766393345,572328128258838528
572326986766393345,572327532776693760
572326986766393345,572327451520466945
572326986766393345,572327412995784704
572326986766393345,572327395912392704
572326986766393345,572327310268866561
572326986766393345,572327219172802560
572326888577753088,572329686614724608
572326872593248258,572327829540483072
572326872593248258,572327198478098432
572326846005526528,572327705078730752
572326825638035457,572330290695176192
572326825638035457,572329746626838528
572326825638035457,572329191988838400
572326825638035457,572327566373089281
572326743232671744,572328430915608576
572326743232671744,572327959517794304
572326743232671744,572327343919796224
572326743232671744,572326913995354113
572326676140441600,572326871943127040
572326437656477696,572327369140133888
572326419646136321,572326685615386624
572362631689846785,572363605049401344
572358265582972928,572358723311546369
572357749704531969,572358234620612609
572356767750889473,572357008067723264
572354293451243520,572357131648679936
572351054303649792,572351992061804544
572350607396192256,572351887883702272
572350559757287425,572586961233293312
572350464471113728,572352404743589888
572350193540063233,572358500166156289
572350193540063233,572357433063956481
572350193540063233,572356494529728512
572350193540063233,572353500727808000
572350193540063233,572352228033343488
572350126410244096,572586677182455808
572350126410244096,572586576670146560
572350126410244096,572585169535672320
572350024522182657,572350806223015937
572349247435120640,572350030088044544
572348901488902144,572354295821017088
572348471363018752,572353318699200512
575643501091651584,575647387537948672
575642793776783360,575653818832023552
575642793776783360,575651519543934977
575642793776783360,575643025222696960
575634944061394946,575638677243604992
575634944061394946,575636527406936065
575634944061394946,575636423052693504
575633147401928705,575848239825444864
575633147401928705,575634794299576320
575633147401928705,575634368598691841
575631108408115200,575632570232131584
575624636995665921,575631446582366208
575621582921555968,575628100291010560
575619818151239681,575620695092146176
575618867197841410,575618867197841410
575618727544119296,576300405413453824
575616685077590016,575617101727031297
575612158446333952,575625508093743106
575612158446333952,575621310945976320
575612158446333952,575619799750852608
575612158446333952,575619326230728704
575612158446333952,575618904753504256
575612158446333952,575618448178343936
575611877557829632,575613866752614400
575611785014722561,575629186531860481
575611785014722561,575618395200176129
575611785014722561,575613975536099330
575611721198366720,575616778887262208
575610971177287680,575929009910874112
575610971177287680,575612419499630594
575610971177287680,575612114254983169
575610971177287680,575611458806919168
575610325367554048,575610904902946817
575610313204109312,575622107398168578
575609185129230336,575611417220378624
575609185129230336,575609788945428480
575605781543960576,575610029757235200
575605781543960576,575609556950089728
575605781543960576,575607438461693952
575605162720415744,575606147106779136
575603999707041792,575608044102361089
575603738582253568,575644734963605504
575603180731568128,575603439591272449
575602402134380544,575602666757230592
575601581665599489,575601725626699777
575601551491796992,575611438061854720
575599875242393600,575601091682816000
575599727753891840,575601144132595713
575599657662967808,575602072772567040
575599165226385410,575746291050803200
575599165226385410,575601542021013504
575598427976822784,575598929200312321
575598252877201408,575620362265739265
575598227598229504,575642927613014016
575598227598229504,575601597301964800
575598119720652801,575608917813673984
575598119720652801,575603906421481473
575598119720652801,575600046340616192
575597856322531328,575599349977079808
575597809224699904,575643000337989632
575597749426499584,575614639096098816
575597749426499584,575598176578613249
575597198236323841,575597478705156096
575597186173571072,575598575335288832
575597169203286016,575599911674060800
575597162781786112,575598104193294336
575597012982235138,575710334054363136
575597012982235138,575637844514865152
575597012982235138,575598235470860291
575597012982235138,575598230504800258
575597012982235138,575597282273288193
575596970695241729,575605464622219264
575596950566785024,575660341599674368
575596950566785024,575633891593097216
575596950566785024,575621193698447360
575596950566785024,575612919364243456
575596950566785024,575610817615265792
575596950566785024,575609658267865088
575596950566785024,575607520934256641
575596950566785024,575603962109263872
575596950566785024,575603719829479424
575596950566785024,575601634002210817
575596950566785024,575599419929702400
575596950566785024,575599010326544384
575596950566785024,575597999637708800
575596950566785024,575597955656241152
575596950566785024,575597659504779264
575596933995061248,575597747635548160
575596922020327424,575615386676150273
575596922020327424,575597248588836864
575596922020327424,575597110491357184
575596840449523713,575599695822614528
575596787962015744,575600618829660160
575596763270115330,575597130095554561
575596755728797696,575606840538460160
575596755728797696,575602710814289921
575596755728797696,575600242709520384
575596755728797696,575599559109312513
575596674560606209,575627730059988992
575596641497038848,575598343189102592
575596582114103296,575611480265003008
575596560572010496,575609396232724480
575596484491485185,575605745359552512
575596484491485185,575597498741358593
575596331009380353,575599648523464704
575596323610583041,575605371865145344
575596323610583041,575601549851762690
575596242266275840,575602899394240513
575596242266275840,575602408681705473
575596242266275840,575602100521996288
575596242266275840,575601643833589761
575596242266275840,575596456058318848
575596196556857344,575596196556857344
575595791462440960,575596251871236098
576159320406118400,576173010605854720
576159320406118400,576170651079168001
576148274094166016,576149388239613952
576125745824686080,576285614963707904
576125745824686080,576266505001807872
576125745824686080,576174394252226560
575997242038882305,578880794816466944
575997242038882305,576149323068518400
575997242038882305,576041840975093760
575997242038882305,576023557039239169
575997242038882305,576017165964296192
575997242038882305,576005267776634880
575997242038882305,576002266437533696
575997242038882305,576000551617310720
575997242038882305,575999151671889920
575995777417277440,576008081936687104
575992287039098880,576004801097412608
575992287039098880,575993689069096960
575981823005577216,575983783045804032
575980824891428866,575983722937225216
575980824891428866,575981873865760769
575978137592320000,575978668679266306
575978137592320000,575978360079187968
575970604664418304,575991226438000640
575970604664418304,575971340781391872
575970604664418304,575971284787408896
575970245229219840,575971765966401536
575970245229219840,575971427590877184
575969745331077120,575980372078415872
575969498445922305,575972825028165632
575968199021178880,575968199021178880
575964548705886208,575974125983821824
575964548705886208,575972810461306880
575964548705886208,575967169764184064
575964214348529664,575966985009250305
575962469736140800,575962990433845249
575962393789890560,575964595623333890
575962107025346560,575972536023830528
575962107025346560,575963781441794048
575961939076984832,575963960882515968
575961939076984832,575963214430674944
575961895246688256,575973226528006144
575961503158837248,575962889783099392
575960626461200384,575961356844732418
575960003355537409,576214534571995139
575959866348441601,575960195886514176
575959833867767809,575960119722143745
575959780847570944,575960281760669696
575959780847570944,575960133240389633
575959769405464576,575961558141923328
575959769405464576,575960752151994368
575959769405464576,575960088554434561
575959657270808577,575960104232570881
575959625834561536,576904619688747009
575959625834561536,576704735392112640
575959625834561536,576586490593091584
575959625834561536,576262203508068353
575959625834561536,576164434080460800
575959625834561536,575996046049832960
575959625834561536,575992486864154624
575959625834561536,575990272359690241
575959625834561536,575969335140712448
575959625834561536,575966588404310017
575959625834561536,575966249219309568
575959625834561536,575965666865324032
575959625834561536,575963478164262912
575959625834561536,575962467425128448
575959625834561536,575962314291040257
575959625834561536,575962100561907713
575959625834561536,575960945022750720
575959625834561536,575960866677358592
575959625834561536,575960155814154241
575959625834561536,575959841308418048
575959527675142145,575959959336198144
575959393444835328,575960868808060928
575959393444835328,575960564700053504
575959393444835328,575959832345190400
575958842304958464,575959225261654018
575958361696550912,575973204449042433
575958361696550912,575958719256600576
575958066132209664,575958580379029504
575958066132209664,575958544245252097
575958066132209664,575958416616722432
575957863148888065,575958219396227072
575957742487105536,575958591024148481
575957740729671680,575958608615075841
575957687705341952,575958364837912576
575957687705341952,575957838750556160
575957682105905152,575958532018741249
575957266475708416,575960150135046144
575957228181557249,575961071141449728
575957228181557249,575960253176487937
575957228181557249,575959671619596289
575957228181557249,575959225802694656
575957228181557249,575957957872984065
575957136972197889,575958176798887936
575957136972197889,575957456888582144
575957039106531329,575963576487153664
575957039106531329,575959206626357248
575957002431508480,575959057107791873
575957002431508480,575958528919089152
575956940339052544,575957223358226432
575956588332077056,575956891609604098
575956381695549440,575956713502744576
575956381695549440,575956593700904960
575956358584872960,575957886750171137
575956358584872960,575957560781479936
575956358584872960,575956715230765056
575956263281913857,575958315668271104
575956263281913857,575957758500999168
575956161670873088,575956430492028928
575956099586719744,575958623932715008
575955833046978561,575956187830603777
575955392393392128,575956150815887361
575955392393392128,575955969529622528
575955344586739713,575961120466464768
575955344586739713,575956563032051714
575955344586739713,575955618323767296
575955262273527808,575957186829885440
575955048158597120,575955566549405696
575954958127747072,575955593434832897
575954958127747072,575955218195619840
575954844164304897,575955865057939456
575954844164304897,575955462270558209
575954690367692800,575955156799332352
575954671732281344,575972970222493696
575954388092481537,575954490139877377
575952036442697728,575952618192642048
575951924563845121,575980498004000768
575951641020608512,575952158249521152
575951449814859776,575952232027267073
575951118611566592,576159643975737344
575951118611566592,575971879430688769
575951118611566592,575951383532195840
575950832933302273,575951712197812224
575950832933302273,575951140069715968
575950832933302273,575951025091149824
575950573209407488,575952162330542082
575950570596364289,575951799309332480
575950570596364289,575950927246413824
575950489499631616,575955535213678593
575950489499631616,575953033374236674
575950039220031488,575952163517505536
575950039220031488,575951741780283392
575949987516850176,575953052894568449
575949842586820609,575953664260575234
575949842586820609,575951703058546688
575949526537801728,575952143456210944
575949526537801728,575952113001353216
575949526537801728,575951847539675136
575949118230523904,575949955069673472
575949094478200832,575950638372167680
575949094478200832,575949392781295620
575948991638142977,575952176654127104
575948991638142977,575951841218797568
575948991638142977,575950765933490176
575948991638142977,575949713075138561
575948991638142977,575949653012684801
575948991638142977,575949614349590529
575948991638142977,575949560721248256
575948991638142977,575949502999228416
575948991638142977,575949247876612096
575948991638142977,575949203702083584
575948632492408832,575949094016843776
575947731811766272,575947948351090688
575947301442625536,575948627706822657
575947107116285952,575948806056890368
576591099172679681,576631809175207938
576581060202405888,576591170408599552
576581060202405888,576591057544032256
576581060202405888,576589039899291648
576581060202405888,576589030919249920
576576001443913728,576669419486638081
576517369280921601,576525762787876864
562697222195011585,562702951719108609
562697222195011585,562697329032306689
562700163404562433,563062226756861953
562700163404562433,562702975429541888
562700163404562433,562701490482315266
562700163404562433,562700969004527618
562700163404562433,562700894924709890
562700163404562433,562700440203456517
562701596921200640,562744556610129921
562701596921200640,562702838699393026
562701596921200640,562702410091880449
562701596921200640,562702323840200705
562701596921200640,562702307675353088
562701596921200640,562701849758031873
562703691783110658,562708331824164864
562703691783110658,562704471453888512
562703691783110658,562704249071886336
562703691783110658,562703838407585792
562769948238700544,562773043618267137
562769948238700544,562772430549450753
562769948238700544,562772108074577920
562769948238700544,562771879464042498
562777641145888768,562880415682551809
562777641145888768,562847929137135620
562777641145888768,562835477225799680
562777641145888768,562817094346366976
562777641145888768,562802231221956609
562777641145888768,562790477704232964
562777641145888768,562788732622106624
562777641145888768,562779050239086595
562777641145888768,562779036632768515
562777641145888768,562779030135775232
562777641145888768,562778930105843715
562777641145888768,562778755111059456
562777641145888768,562778721242071041
562777641145888768,562778486159724546
562777641145888768,562778461245546499
562777641145888768,562778279124676608
562777641145888768,562778270874492928
562777641145888768,562778257297514497
562777641145888768,562778214670802946
562777641145888768,562778022894657537
562777641145888768,562777954724618241
562777641145888768,562777872977641474
562777641145888768,562777724620926976
562779982926454784,562781168652009472
562779982926454784,562780780163006464
562781353889255424,562798079905390592
562869632995184640,562930648785387520
562869632995184640,562890220199501824
562869632995184640,562879065980674049
562869632995184640,562878020885966848
562869632995184640,562872070280081408
563026881512226817,563029922311311360
563026881512226817,563028109382135810
563026881512226817,563027947423272960
563026881512226817,563027251630182400
563028901803589632,563037745514545154
563028901803589632,563035149118758914
563028901803589632,563030607530590208
563028901803589632,563029291341193216
563034338183639040,563220315212230656
563034338183639040,563161938629111809
563034338183639040,563049539297611776
563034338183639040,563049271495520257
563034338183639040,563048660767088641
563034338183639040,563047274436362240
563034338183639040,563037731019051009
563034338183639040,563034929425289217
563034338183639040,563034929148489729
563034338183639040,563034847741231104
563034338183639040,563034790728040448
563034338183639040,563034619533352961
563034338183639040,563034498586398720
563038441479634948,563198403791060992
563038441479634948,563155269404745728
563038441479634948,563042217942867972
563038441479634948,563039302482141185
563038441479634948,563039241702473729
563038441479634948,563038765435068416
563038441479634948,563038693053968384
563043026415939584,563043766836428800
563043026415939584,563043597537513472
563043026415939584,563043283358986242
563054369730740224,563066086565097472
563054369730740224,563061307768074242
563054369730740224,563060623387668484
563054369730740224,563057131071754240
563054369730740224,563056664858091521
563054369730740224,563055016471441410
563054369730740224,563054717878939648
563055392054591488,563066470805282817
563055392054591488,563064744706605056
563055392054591488,563059785441214464
563055392054591488,563056206009626624
563055392054591488,563056053802528771
563058513350778880,563058924677783552
563065356772999168,563068280836218882
563076322642362369,563120935692431361
563076322642362369,563110923012161537
563076322642362369,563078213761781760
563076322642362369,563077402306564096
563076322642362369,563076708849696768
563082741370339330,563098076047736832
563082741370339330,563090050368671746
563082741370339330,563086381157998592
563082741370339330,563086086529110017
563082741370339330,563085439255732226
563082741370339330,563083422240079873
563082741370339330,563082941178601474
563084011489480704,563179536196833281
563084011489480704,563088745789161472
563084011489480704,563088559528509440
563084011489480704,563087436826542083
563084011489480704,563086192967966720
563084011489480704,563086169685389313
563084011489480704,563085890286026752
563084011489480704,563085860078628865
563084011489480704,563085829477007360
563084011489480704,563085761688666113
563084011489480704,563085551776313345
563084011489480704,563085287338037249
563084011489480704,563085113123422209
563084011489480704,563084960962445312
563084011489480704,563084737183756288
563084011489480704,563084435844001792
563093253378289665,563148451299729408
563093253378289665,563105489433935873
563093253378289665,563098445788250112
563093253378289665,563095643569524742
563093253378289665,563093796389675010
563093253378289665,563093588662583296
563093253378289665,563093393098936321
563093563916161026,563108742577659904
563093563916161026,563107413667377152
563093563916161026,563105786575196160
563093563916161026,563097859617067008
563093563916161026,563095808300822528
563093563916161026,563095349498478594
563093563916161026,563095134573985793
563093563916161026,563094704682991616
563093563916161026,563094003630243840
563093563916161026,563093863473348609
563093563916161026,563093733659660288
563093563916161026,563093678588432384
563189736492134400,563202393853419520
563189736492134400,563192663042965504
563189736492134400,563190027984044033
563189736492134400,563189969057878016
563199972619726848,563281069324369920
563199972619726848,563210230775836672
563199972619726848,563200498476408832
563201540647686144,563219625601945600
563201540647686144,563202859559583744
563201540647686144,563201710269554689
563201540647686144,563201700953997312
563201540647686144,563219625601945600
563201540647686144,563202859559583744
563201540647686144,563201710269554689
563201540647686144,563201700953997312
563201540647686144,563219625601945600
563201540647686144,563202859559583744
563201540647686144,563201710269554689
563201540647686144,563201700953997312
563449238814613504,563463639684751360
563449238814613504,563455010692820994
563449238814613504,563454983245664256
563449238814613504,563450550818074624
563449238814613504,563450525103173632
563449238814613504,563450406345261057
563449238814613504,563449965133824000
563449238814613504,563449681788010497
563449238814613504,563449494814355457
563449238814613504,563449491261775872
563449238814613504,563449450295992320
564767169775284225,564788116649553922
564767169775284225,564769784449871872
564767169775284225,564769685426565120
564767169775284225,564769145082740736
564775907403890689,564820877943275523
564775907403890689,564798131129159681
564775907403890689,564791470532472832
564775907403890689,564781694084202497
564775907403890689,564779106936823808
564775907403890689,564777764176531458
564775907403890689,564776204566540289
564886152163758080,564899099925688321
564886152163758080,564893929556803585
564886152163758080,564888452987387905
564886152163758080,564888289358778368
564886152163758080,564888096336924672
564886152163758080,564887654848675840
564886152163758080,564887228090830848
564886152163758080,564887220679495680
564894947971563521,564901898856456193
564895373152366592,564908781365383169
564895373152366592,564895884467785731
564895373152366592,564895585136680960
566308144885010432,566319170992996353
566308144885010432,566318793665048577
566308144885010432,566313863197372417
566308144885010432,566310172822634496
566308144885010432,566310015020318720
566308144885010432,566309410344300548
566308144885010432,566309120408817665
566308144885010432,566308799838187520
566308144885010432,566308667885359105
566308144885010432,566308394596696064
566309357252780032,566312826286137344
566309357252780032,566309903460216832
566312146037129216,566334855659925504
566312146037129216,566319184552812545
566312146037129216,566314352601735168
566312146037129216,566313458413473792
566312146037129216,566313390180933632
566312146037129216,566313333792333824
566312146037129216,566312727610941440
566312146037129216,566312589483732992
566315443309522944,566471418456834049
566315443309522944,566464107332005888
566315443309522944,566352003240951808
566315443309522944,566350334058983425
566315443309522944,566328020911525889
566315443309522944,566319951154118656
566315443309522944,566317346391097344
566315443309522944,566315533726126081
567090167765143552,567103874511540224
567090167765143552,567090917429874688
567090519986036736,567364326919790593
567090519986036736,567182060184297472
567090519986036736,567102435894640642
567090519986036736,567093501641633792
567090519986036736,567092853080608768
567090519986036736,567092715524202496
567090519986036736,567091021864263680
567090519986036736,567090876912898048
567090657311735810,567112662803578880
567090657311735810,567102998501801984
567090657311735810,567091714007920640
567090657311735810,567091570101723137
567090657311735810,567091073345130496
567090657311735810,567090909389402114
567090657311735810,567090872857395200
567090657311735810,567090861922476032
567090838153347072,567099719168438272
567090838153347072,567091379315412995
567090901365706753,567176485744545793
567090901365706753,567108277012414464
567090901365706753,567106925553532928
567090901365706753,567096747995193345
567090901365706753,567096649580036098
567090901365706753,567092595453857794
567090901365706753,567091233554575360
567090901365706753,567091104223207425
567090901365706753,567091004763693056
567091352890920960,567092873984634880
567091352890920960,567092217081507841
567091352890920960,567092008192204800
567091352890920960,567091990613856256
567091711017381889,567099131806892033
567091711017381889,567098514417516544
567091711017381889,567097163759755267
567091711017381889,567093007212879873
567091711017381889,567092624079605761
567091711017381889,567092317887033344
567091711017381889,567092141151625217
567091961547350016,567099106212859904
567091961547350016,567094435306303488
567091961547350016,567093513834487808
567091961547350016,567093184891985920
567091961547350016,567093006785052672
567091961547350016,567092871363592192
567091961547350016,567092378171760640
567091961547350016,567092311461343232
567091961547350016,567092260429258752
567091961547350016,567092104984551425
567110489067372544,567113914282823680
567110489067372544,567113265117802496
567110489067372544,567112213857439745
567110489067372544,567112100305059840
567110489067372544,567111096712953856
569623928592662528,569624346295193600
569623928592662528,569623979553480706
569629006913384448,569635899547521024
569629006913384448,569635427352743938
569629006913384448,569635008178036736
569629006913384448,569634819287740416
569629006913384448,569634235516096512
569629006913384448,569633515878387712
569629006913384448,569632927908122624
569629006913384448,569630746148806657
569629006913384448,569630586270310400
569629006913384448,569629702744354816
569629006913384448,569629379778605056
569633039396896768,569648002643533824
569633039396896768,569635713991516160
569633039396896768,569635264404037635
569633039396896768,569633754450251776
569633039396896768,569633421472894976
569633039396896768,569633277549649920
569714412908474368,569735675278458880
569714412908474368,569715009539985408
569725242232299520,569729758482833408
569726232054476800,569727228293963776
569726232054476800,569726449344757761
569742099442069504,569756986373316609
569742099442069504,569744070882385920
569742099442069504,569743646322499584
569742099442069504,569743564709752832
569742099442069504,569743326657814529
569742099442069504,569743177860714496
569742099442069504,569742901787402240
569742099442069504,569742758736482304
569742099442069504,569742304564654080
569743778677858304,569901517538529280
569743778677858304,569838012609236992
569743778677858304,569794884590297088
569743778677858304,569788638160138240
569743778677858304,569788427677409280
569743778677858304,569770545186631680
569743778677858304,569763098560589825
569743778677858304,569762557294018560
569743778677858304,569756404036321280
569743778677858304,569755616022913024
569743778677858304,569755360040493056
569743778677858304,569755165516910592
569743778677858304,569754902605332480
569743778677858304,569754463088410624
569743778677858304,569754264874164224
569743778677858304,569753980227551233
569743778677858304,569753635795570689
569743778677858304,569753047657635840
569743778677858304,569751557505298432
569743778677858304,569746648852774912
569743778677858304,569743911574335488
570624955525656577,570689559740194816
570630322657718272,570633623570948096
570653131903623169,570747054219243520
570653131903623169,570684550080299009
570653131903623169,570656881116643329
570653131903623169,570656523698855936
570653131903623169,570654769577988096
570653131903623169,570654046572253184
570653131903623169,570653621810896896
570653131903623169,570653588847853568
570653131903623169,570653490856341504
570656444392935424,570660256486785024
570656444392935424,570658035212759041
570656444392935424,570657826269495296
570656444392935424,570657681536454656
570656444392935424,570657308004323328
570656444392935424,570657061203283968
570656444392935424,570656783951204353
570656444392935424,570656690485334016
570656444392935424,570656609157943296
571036742473551872,571052012709629953
571036742473551872,571040656111464448
571036742473551872,571037475851759616
571036742473551872,571036820219129858
571038476650594304,571039257051033600
571038476650594304,571038906323488768
573174601632514048,573197700008706049
573174601632514048,573189533862248448
573174601632514048,573180233471299584
573174601632514048,573179175005114368
573174601632514048,573177585351454720
573174601632514048,573176121157558272
573178898650824704,573217340415971331
573178898650824704,573195564549984256
573178898650824704,573186384145620993
573178898650824704,573182483400798210
573178898650824704,573181578135801857
573178898650824704,573181415543582720
573178898650824704,573180920464744448
573178898650824704,573180732861886465
573178898650824704,573180699743690752
573178898650824704,573180660652904448
573178898650824704,573180096087007233
573178898650824704,573180031842689024
573178898650824704,573179557617934336
573178898650824704,573179338763440128
573178898650824704,573179288276602880
573178898650824704,573179216965066752
573178898650824704,573179187978219520
573178898650824704,573179114875719680
573178898650824704,573179094940176384
573178898650824704,573179082210471936
573178898650824704,573179062765555712
573182328727445504,573201432033169409
573182328727445504,573195008422985728
573182328727445504,573191061687808000
573182328727445504,573185799304433664
573182328727445504,573185207433482244
573182328727445504,573183658267414530
573182328727445504,573183293786628097
573182328727445504,573183205613813760
573182328727445504,573183084863963136
573182328727445504,573182950952419328
573182328727445504,573182756177330176
573182328727445504,573182681053151232
573182328727445504,573182607183114240
573182328727445504,573182511292919809
573185687287042050,573186317011591168
573202014995283970,573206339364655104
573202014995283970,573205632444198912
573202014995283970,573205500726284289
573202014995283970,573203207280844800
573208891141406720,573220032009904129
573208891141406720,573213957164441600
573208891141406720,573211518319214592
573208891141406720,573209893987074048
573208891141406720,573209087963496448
573209540612628480,573221829692805120
573209540612628480,573212067089420288
573211375540969473,573300638613811200
573211375540969473,573219429292613632
573222323454529536,573226154041188353
573222323454529536,573222606503071745
573223207106428928,573242436698304512
573223207106428928,573235411159396353
573223207106428928,573234471404625920
573223207106428928,573228775489478657
573223207106428928,573228055482662912
573223207106428928,573226974413377538
573223207106428928,573226766023716864
573223207106428928,573226554123149312
573223207106428928,573226510015860737
573223207106428928,573225833566887936
573223207106428928,573225687248588801
573223207106428928,573224552895008768
573223207106428928,573223621973434368
573223207106428928,573223437595901953
573224347520921600,573231924187164673
573224347520921600,573226891177537536
573224347520921600,573225711068061696
573224347520921600,573224571337371648
573224347520921600,573224446548447232
573224848819814400,573245117265362944
573224848819814400,573226766895984641
573224848819814400,573226368621678592
573224848819814400,573225862679564290
573224848819814400,573225549084041216
573224848819814400,573225353059033088
573224848819814400,573225278761123840
573224848819814400,573225216656080896
573224848819814400,573224969158692864
573278101309796352,573287101522825216
573278101309796352,573279353401835520
573278101309796352,573279189844901888
573278101309796352,573279034672611328
573278101309796352,573279024094572544
573278101309796352,573278945719631872
573278101309796352,573278577573163008
573278101309796352,573278565816508416
573278101309796352,573278545385938944
573278101309796352,573278479409537024
573278487068323841,573279759452401664
573278487068323841,573279242823204864
573278487068323841,573279040758394881
573278487068323841,573278855227580416
573278487068323841,573278722578522112
573278487068323841,573278680111177728
573278487068323841,573278606216052737
573280132279873536,573315078495195137
573280132279873536,573287981324226561
573280132279873536,573284903317598208
573280132279873536,573284723344183296
573280132279873536,573283581973274624
573280132279873536,573282758094680065
573280132279873536,573282464535351297
573280132279873536,573281151898370048
573280132279873536,573280975351910401
573280132279873536,573280743662747650
573280132279873536,573280675509374976
573280132279873536,573280475487199232
573280132279873536,573280472576335872
573280132279873536,573280381044043776
573494283942019072,573583072051863552
573494283942019072,573494841285480448
573494283942019072,573494460467687426
573494283942019072,573494337788497920
573501953541439489,573523205312278528
573501953541439489,573521157539807233
573501953541439489,573507236955168770
573501953541439489,573507038115930112
573501953541439489,573506648733585408
573501953541439489,573505900385693696
573501953541439489,573505199899348992
573501953541439489,573505124347215872
573501953541439489,573504509520973825
573501953541439489,573504461626216448
573501953541439489,573503157260582912
573501953541439489,573502483395448832
573501953541439489,573502291153715201
573501953541439489,573502175843868673
573501953541439489,573502118910283777
573506616374382592,573507208807247872
573507900557033472,573510867490357248
573507900557033472,573508672921305088
573507900557033472,573508225074659330
573507900557033472,573508072372465664
573551727707717632,573569789840457730
573551727707717632,573555219771973632
573551727707717632,573553867570335744
573552119447314432,573598873018503169
574364992373293056,574369413081755648
574364992373293056,574365510168506368
574364992373293056,574365218916061184
574378366754643968,574378987763294209
574385812143374336,574504674511859712
574385812143374336,574411691443798016
574385812143374336,574402241622208512
574385812143374336,574388932009312256
574385812143374336,574387581628059648
574385812143374336,574386472700284928
574385812143374336,574386292097679360
574385812143374336,574386138468614144
574385812143374336,574386115257372673
575898910813609984,575918322518261760
575898910813609984,575899106536656896
575910293353537536,575910737140305920
576024340166148096,576063357352062977
576024340166148096,576048589350252544
576024340166148096,576040405990510592
576024340166148096,576040115329331200
576024340166148096,576039860600840192
576024340166148096,576039120893444096
576024340166148096,576036752495943680
576024340166148096,576026959475449856
576024340166148096,576024834104168449
576041346412064769,576164969504440320
576041346412064769,576066714103898113
576041346412064769,576059866873245696
576041346412064769,576047428832485376
576041346412064769,576044423219322881
576041346412064769,576042175286276096
576041346412064769,576042119195975681
576041346412064769,576042009619664896
576041346412064769,576041675400720385
576041346412064769,576041551773745153
576041346412064769,576041532765179905
576041346412064769,576041473034059776
576041346412064769,576041466130120704
576042045078306816,576046799229702144
576042045078306816,576046399575482368
576042045078306816,576046107479969792
576042045078306816,576046039788032000
576042045078306816,576042445571547136
576089368395304960,576102838058786817
576092092943847424,576192592158728192
576092092943847424,576171475222167552
576092092943847424,576157537487163393
576092092943847424,576152047642374144
576092092943847424,576110053448626176
576092092943847424,576109305688117248
576092092943847424,576108699665768450
576092092943847424,576105500493897729
576092092943847424,576104642314158082
576092092943847424,576102041417850881
576092092943847424,576097296733065218
576092092943847424,576095495220695040
576092092943847424,576095328258170880
576092092943847424,576094945024581632
576092092943847424,576094617826816000
576092092943847424,576094301672730624
576092092943847424,576094262741188608
576092092943847424,576094172836417536
576092092943847424,576093975519559680
576092092943847424,576093909136244736
576092092943847424,576093833626173440
576092092943847424,576093822435794944
576092092943847424,576093698469031936
576092092943847424,576093592927789056
576092092943847424,576092864607727616
576092092943847424,576092864238731264
576092092943847424,576092745246187520
576092092943847424,576092654280175616
576092092943847424,576092542871023616
576092092943847424,576092465662324736
576092092943847424,576092383583989760
576092092943847424,576092339782955009
576092092943847424,576092331591479296
576092092943847424,576092329309655041
576430495308730368,576460419864248321
576430495308730368,576432829296422912
576430495308730368,576431942221971456
576438786688557056,576677054369947648
576438786688557056,576440340862758912
576438786688557056,576439376030212097
576440184285220864,576454706140164097
576440184285220864,576442040180961280
576610363078111233,576738810769338368
576610363078111233,576626646679101440
576610363078111233,576614493460951042
576610363078111233,576613307789930497
576610363078111233,576612574436831232
576610363078111233,576612017227853824
576610363078111233,576611615396728832
576610363078111233,576610671380430848
576613209500598272,576742407213047808
576613209500598272,576726903777685504
576613209500598272,576647706552221696
576613209500598272,576630163586191360
576613209500598272,576623243164921856
576613209500598272,576622587448459264
576613209500598272,576620722958675968
576613209500598272,576617892994785280
576613209500598272,576616133823893504
576613209500598272,576615577222934528
576613209500598272,576615225677365248
576613209500598272,576614516445827072
576613209500598272,576614114652352512
576613209500598272,576613422327984128
576624317145882626,576628398937612288
576761020498124800,576926282652479488
576761020498124800,576864785372938240
576761020498124800,576765365268664321
576761020498124800,576764206633992192
576761020498124800,576762144424792065
576761020498124800,576761895148978176
576761020498124800,576761524624232448
576761020498124800,576761480919412736
576761020498124800,576761231819718656
431099065036582912,431244750331846656
431099065036582912,431109639061913601
431099065036582912,431109463605800962
431610728668086273,431631987107827712
432720928934330368,432721990341124096
432720928934330368,432721743938326529
451379335203528704,451379890181644289
470380312296321024,470381115413659648
470380312296321024,470380865340837888
474248075402149888,474248535794536448
479056561789091840,479066054069862400
487006263109091328,487007323538612224
487006263109091328,487006408588939265
487008266510020608,487008695792832512
489515198198194176,489520271263404032
489515634544238592,489518037188349952
489515634544238592,489517255353303044
489515634544238592,489516883159171073
489518466416668672,489518747552448514
490145095358767104,490402394606686208
490363970612518912,490505514761977858
495589860426928128,495590923750088705
499028343044726784,499028498053218304
499379717368471552,499382043110019073
499379717368471552,499380668808581120
503751628554784768,503753371820367872
503751628554784768,503751811439001600